298.0
37.0
36.0
36.0
34.0
33.0
34.0
47.0
46.0
34.0
30.0
28.0
30.0
28.0
30.0
30.0
27.0
29.0
27.0
25.0
25.0
25.0
28.0
26.0
25.0
25.0
28.0
25.0
27.0
27.0
27.0
26.0
26.0
30.0
28.0
26.0
23.0
26.0
24.0
23.0
26.0
26.0
24.0
23.0
25.0
26.0
23.0
24.0
25.0
26.0
23.0
24.0
23.0
26.0
24.0
23.0
26.0
23.0
23.0
23.0
25.0
23.0
23.0
27.0
23.0
23.0
25.0
27.0
24.0
23.0
27.0
23.0
23.0
23.0
26.0
24.0
23.0
29.0
23.0
24.0
24.0
25.0
23.0
23.0
23.0
27.0
23.0
28.0
23.0
24.0
23.0
23.0
26.0
22.0
22.0
23.0
25.0
23.0
23.0
25.0
25.0
22.0
23.0
23.0
24.0
22.0
26.0
22.0
22.0
22.0
23.0
26.0
23.0
22.0
22.0
24.0
23.0
22.0
25.0
23.0
22.0
22.0
22.0
25.0
23.0
22.0
22.0
25.0
23.0
23.0
22.0
25.0
22.0
22.0
26.0
38.0
25.0
24.0
26.0
32.0
22.0
22.0
24.0
25.0
22.0
24.0
25.0
23.0
23.0
25.0
23.0
23.0
22.0
24.0
22.0
23.0
26.0
23.0
23.0
22.0
23.0
26.0
23.0
22.0
22.0
24.0
24.0
22.0
25.0
23.0
22.0
26.0
22.0
22.0
23.0
22.0
26.0
22.0
23.0
22.0
24.0
23.0
22.0
26.0
23.0
22.0
23.0
22.0
25.0
23.0
22.0
23.0
24.0
24.0
22.0
25.0
24.0
22.0
22.0
23.0
24.0
23.0
24.0
23.0
25.0
22.0
23.0
22.0
26.0
23.0
23.0
23.0
24.0
28.0
25.0
27.0
23.0
22.0
23.0
24.0
24.0
22.0
25.0
23.0
22.0
25.0
23.0
24.0
23.0
24.0
24.0
22.0
26.0
23.0
28.0
22.0
24.0
22.0
22.0
25.0
22.0
23.0
22.0
23.0
27.0
22.0
25.0
22.0
23.0
25.0
22.0
22.0
23.0
22.0
25.0
22.0
24.0
23.0
23.0
25.0
23.0
22.0
22.0
25.0
23.0
23.0
25.0
24.0
22.0
22.0
22.0
24.0
23.0
23.0
23.0
23.0
21.0
21.0
20.0
21.0
25.0
21.0
20.0
20.0
23.0
21.0
20.0
20.0
20.0
24.0
23.0
22.0
20.0
20.0
23.0
22.0
21.0
22.0
21.0
23.0
21.0
20.0
20.0
25.0
22.0
20.0
20.0
20.0
26.0
23.0
22.0
23.0
22.0
24.0
21.0
20.0
21.0
21.0
24.0
22.0
20.0
21.0
20.0
23.0
21.0
21.0
28.0
24.0
23.0
22.0
26.0
20.0
21.0
20.0
20.0
25.0
22.0
20.0
20.0
20.0
23.0
22.0
21.0
20.0
24.0
22.0
22.0
20.0
20.0
25.0
21.0
20.0
20.0
20.0
23.0
22.0
20.0
20.0
24.0
22.0
21.0
21.0
20.0
26.0
21.0
22.0
22.0
20.0
31.0
23.0
26.0
23.0
23.0
23.0
26.0
23.0
22.0
22.0
20.0
25.0
20.0
20.0
21.0
20.0
23.0
20.0
20.0
20.0
24.0
21.0
21.0
20.0
20.0
23.0
22.0
21.0
22.0
23.0
21.0
21.0
20.0
20.0
24.0
21.0
20.0
20.0
20.0
35.0
23.0
25.0
22.0
26.0
22.0
25.0
21.0
23.0
21.0
20.0
22.0
20.0
23.0
20.0
20.0
23.0
22.0
24.0
22.0
23.0
23.0
21.0
20.0
24.0
23.0
21.0
25.0
23.0
22.0
20.0
20.0
23.0
23.0
23.0
22.0
21.0
21.0
20.0
20.0
20.0
26.0
20.0
21.0
20.0
24.0
26.0
24.0
26.0
22.0
21.0
20.0
21.0
25.0
22.0
22.0
20.0
20.0
26.0
22.0
23.0
20.0
20.0
26.0
20.0
21.0
20.0
20.0
22.0
21.0
20.0
20.0
24.0
20.0
21.0
20.0
20.0
24.0
21.0
21.0
24.0
20.0
23.0
21.0
20.0
24.0
21.0
21.0
20.0
25.0
22.0
21.0
21.0
21.0
24.0
23.0
23.0
21.0
20.0
23.0
20.0
22.0
31.0
25.0
22.0
22.0
21.0
29.0
21.0
20.0
21.0
20.0
24.0
21.0
20.0
20.0
20.0
22.0
21.0
20.0
20.0
23.0
22.0
22.0
20.0
21.0
23.0
20.0
21.0
22.0
34.0
24.0
23.0
25.0
25.0
23.0
24.0
22.0
22.0
21.0
20.0
21.0
36.0
36.0
38.0
39.0
37.0
38.0
36.0
38.0
37.0
38.0
36.0
36.0
36.0
36.0
38.0
37.0
39.0
39.0
36.0
37.0
37.0
35.0
36.0
35.0
36.0
36.0
36.0
38.0
37.0
35.0
36.0
37.0
35.0
36.0
38.0
39.0
39.0
39.0
36.0
35.0
38.0
38.0
39.0
38.0
39.0
36.0
37.0
36.0
35.0
36.0
37.0
36.0
36.0
37.0
39.0
40.0
38.0
37.0
37.0
37.0
38.0
37.0
37.0
35.0
36.0
36.0
36.0
39.0
37.0
38.0
37.0
36.0
37.0
38.0
37.0
36.0
37.0
37.0
38.0
37.0
37.0
37.0
38.0
37.0
38.0
35.0
36.0
38.0
36.0
38.0
37.0
36.0
37.0
37.0
38.0
37.0
36.0
37.0
39.0
38.0
38.0
35.0
36.0
36.0
35.0
36.0
37.0
36.0
36.0
35.0
35.0
37.0
38.0
38.0
38.0
38.0
37.0
38.0
38.0
38.0
37.0
38.0
36.0
37.0
37.0
36.0
39.0
35.0
39.0
33.0
37.0
38.0
37.0
40.0
39.0
38.0
35.0
36.0
37.0
37.0
39.0
39.0
38.0
38.0
37.0
37.0
36.0
35.0
37.0
39.0
37.0
38.0
38.0
37.0
37.0
36.0
38.0
35.0
36.0
37.0
38.0
36.0
38.0
38.0
38.0
37.0
37.0
38.0
37.0
38.0
36.0
38.0
37.0
37.0
38.0
37.0
37.0
36.0
38.0
38.0
39.0
40.0
40.0
36.0
40.0
38.0
39.0
39.0
39.0
36.0
37.0
38.0
38.0
37.0
38.0
37.0
35.0
36.0
36.0
37.0
37.0
36.0
38.0
40.0
38.0
36.0
36.0
36.0
36.0
36.0
36.0
37.0
38.0
37.0
35.0
39.0
37.0
36.0
37.0
37.0
36.0
37.0
37.0
38.0
35.0
35.0
36.0
36.0
36.0
36.0
39.0
37.0
39.0
39.0
39.0
37.0
34.0
36.0
38.0
36.0
37.0
37.0
35.0
38.0
35.0
36.0
37.0
37.0
38.0
37.0
35.0
36.0
37.0
37.0
38.0
36.0
38.0
37.0
36.0
36.0
36.0
38.0
37.0
36.0
36.0
35.0
35.0
37.0
36.0
35.0
38.0
35.0
35.0
37.0
35.0
36.0
38.0
38.0
38.0
37.0
38.0
36.0
38.0
38.0
38.0
38.0
37.0
37.0
39.0
36.0
37.0
37.0
39.0
37.0
35.0
36.0
39.0
38.0
38.0
37.0
36.0
38.0
39.0
39.0
36.0
39.0
36.0
35.0
36.0
36.0
37.0
37.0
38.0
31.0
38.0
37.0
36.0
38.0
35.0
35.0
37.0
36.0
35.0
37.0
35.0
39.0
36.0
37.0
37.0
37.0
37.0
38.0
37.0
37.0
38.0
38.0
36.0
38.0
37.0
38.0
37.0
36.0
35.0
35.0
38.0
37.0
38.0
37.0
37.0
37.0
37.0
38.0
38.0
38.0
39.0
36.0
36.0
36.0
35.0
36.0
37.0
37.0
36.0
35.0
37.0
39.0
37.0
37.0
38.0
38.0
37.0
37.0
36.0
38.0
36.0
38.0
39.0
35.0
37.0
37.0
36.0
37.0
35.0
37.0
37.0
38.0
38.0
36.0
36.0
36.0
36.0
37.0
39.0
37.0
38.0
38.0
36.0
36.0
39.0
38.0
37.0
39.0
35.0
39.0
37.0
37.0
37.0
37.0
38.0
38.0
38.0
38.0
36.0
36.0
35.0
36.0
36.0
37.0
36.0
36.0
36.0
36.0
36.0
38.0
38.0
38.0
40.0
38.0
37.0
39.0
38.0
36.0
36.0
37.0
36.0
38.0
38.0
35.0
38.0
39.0
37.0
38.0
37.0
38.0
35.0
37.0
38.0
39.0
38.0
39.0
39.0
37.0
37.0
37.0
36.0
38.0
38.0
37.0
38.0
36.0
35.0
36.0
35.0
36.0
37.0
37.0
36.0
36.0
38.0
38.0
38.0
37.0
37.0
36.0
36.0
36.0
37.0
38.0
35.0
36.0
37.0
36.0
35.0
32.0
35.0
37.0
36.0
38.0
38.0
38.0
37.0
38.0
37.0
38.0
36.0
37.0
37.0
38.0
37.0
36.0
36.0
37.0
36.0
36.0
36.0
37.0
38.0
37.0
37.0
39.0
37.0
40.0
40.0
37.0
40.0
38.0
36.0
37.0
38.0
39.0
37.0
39.0
38.0
38.0
37.0
38.0
37.0
36.0
37.0
37.0
37.0
36.0
36.0
35.0
35.0
36.0
36.0
36.0
35.0
38.0
37.0
38.0
37.0
37.0
38.0
35.0
36.0
38.0
69.0
67.0
71.0
54.0
55.0
54.0
56.0
54.0
55.0
53.0
55.0
53.0
55.0
56.0
55.0
55.0
54.0
55.0
54.0
55.0
50.0
55.0
55.0
54.0
55.0
56.0
54.0
55.0
55.0
54.0
55.0
57.0
52.0
53.0
54.0
55.0
55.0
55.0
55.0
54.0
54.0
53.0
53.0
55.0
53.0
54.0
54.0
54.0
52.0
54.0
53.0
54.0
57.0
53.0
54.0
71.0
71.0
72.0
62.0
55.0
59.0
72.0
55.0
55.0
55.0
54.0
55.0
56.0
55.0
54.0
54.0
55.0
54.0
55.0
54.0
55.0
54.0
50.0
50.0
50.0
55.0
55.0
57.0
52.0
54.0
55.0
55.0
54.0
53.0
54.0
55.0
55.0
72.0
65.0
55.0
55.0
51.0
54.0
65.0
55.0
56.0
55.0
55.0
55.0
55.0
56.0
52.0
50.0
49.0
56.0
53.0
55.0
55.0
54.0
54.0
55.0
56.0
68.0
55.0
54.0
55.0
54.0
53.0
55.0
54.0
55.0
54.0
70.0
56.0
54.0
54.0
55.0
54.0
55.0
54.0
55.0
53.0
55.0
52.0
51.0
49.0
54.0
54.0
55.0
54.0
53.0
53.0
54.0
54.0
54.0
54.0
57.0
54.0
55.0
54.0
53.0
53.0
53.0
54.0
53.0
54.0
55.0
54.0
54.0
54.0
54.0
54.0
51.0
49.0
56.0
54.0
55.0
52.0
55.0
54.0
55.0
55.0
53.0
54.0
55.0
54.0
54.0
72.0
54.0
54.0
55.0
56.0
55.0
55.0
55.0
55.0
58.0
55.0
55.0
55.0
55.0
54.0
53.0
53.0
54.0
53.0
56.0
54.0
54.0
54.0
53.0
53.0
70.0
63.0
56.0
55.0
54.0
71.0
55.0
53.0
53.0
55.0
56.0
54.0
54.0
54.0
54.0
70.0
61.0
53.0
56.0
55.0
59.0
70.0
59.0
52.0
54.0
55.0
55.0
54.0
54.0
55.0
55.0
54.0
55.0
55.0
52.0
54.0
54.0
54.0
58.0
55.0
55.0
55.0
54.0
54.0
51.0
54.0
54.0
55.0
51.0
51.0
54.0
55.0
52.0
53.0
56.0
54.0
55.0
50.0
50.0
53.0
55.0
54.0
55.0
54.0
56.0
56.0
55.0
55.0
55.0
53.0
55.0
52.0
55.0
53.0
55.0
55.0
55.0
55.0
51.0
54.0
56.0
50.0
49.0
50.0
53.0
53.0
54.0
55.0
55.0
54.0
55.0
50.0
49.0
55.0
55.0
55.0
54.0
54.0
53.0
53.0
54.0
54.0
54.0
54.0
55.0
57.0
57.0
55.0
55.0
56.0
54.0
54.0
54.0
52.0
54.0
53.0
54.0
53.0
54.0
54.0
54.0
54.0
54.0
53.0
53.0
55.0
54.0
61.0
54.0
54.0
55.0
52.0
53.0
53.0
53.0
54.0
56.0
53.0
54.0
57.0
55.0
55.0
54.0
53.0
54.0
54.0
54.0
55.0
55.0
70.0
54.0
53.0
54.0
53.0
57.0
55.0
54.0
54.0
70.0
54.0
54.0
69.0
54.0
54.0
55.0
55.0
55.0
56.0
54.0
55.0
55.0
54.0
55.0
55.0
55.0
55.0
54.0
65.0
55.0
55.0
55.0
56.0
55.0
53.0
54.0
54.0
54.0
54.0
53.0
55.0
55.0
55.0
55.0
58.0
54.0
55.0
53.0
56.0
55.0
54.0
55.0
56.0
54.0
56.0
53.0
55.0
53.0
50.0
49.0
54.0
54.0
54.0
53.0
55.0
55.0
54.0
55.0
72.0
61.0
53.0
51.0
49.0
54.0
53.0
53.0
54.0
56.0
52.0
59.0
54.0
54.0
54.0
55.0
54.0
56.0
52.0
53.0
53.0
54.0
54.0
54.0
56.0
56.0
55.0
54.0
57.0
56.0
69.0
55.0
55.0
54.0
55.0
53.0
54.0
55.0
55.0
71.0
55.0
55.0
53.0
54.0
72.0
55.0
54.0
55.0
58.0
55.0
56.0
55.0
56.0
54.0
57.0
68.0
54.0
55.0
55.0
54.0
55.0
55.0
55.0
55.0
54.0
55.0
55.0
51.0
54.0
56.0
55.0
71.0
57.0
53.0
53.0
54.0
57.0
65.0
53.0
55.0
54.0
55.0
53.0
55.0
52.0
54.0
53.0
54.0
53.0
55.0
54.0
55.0
55.0
55.0
55.0
71.0
56.0
55.0
54.0
50.0
49.0
55.0
54.0
54.0
55.0
55.0
64.0
53.0
53.0
54.0
54.0
56.0
53.0
54.0
54.0
55.0
55.0
51.0
54.0
67.0
56.0
54.0
55.0
53.0
54.0
53.0
53.0
53.0
55.0
54.0
56.0
54.0
54.0
55.0
54.0
54.0
53.0
54.0
54.0
53.0
69.0
54.0
54.0
54.0
55.0
54.0
55.0
56.0
54.0
54.0
57.0
53.0
55.0
54.0
55.0
54.0
54.0
54.0
53.0
55.0
54.0
55.0
55.0
54.0
54.0
67.0
54.0
54.0
53.0
55.0
55.0
56.0
55.0
71.0
54.0
54.0
54.0
53.0
54.0
53.0
55.0
54.0
55.0
54.0
54.0
55.0
54.0
56.0
55.0
55.0
53.0
54.0
55.0
55.0
55.0
55.0
54.0
51.0
54.0
55.0
55.0
55.0
55.0
54.0
54.0
55.0
55.0
54.0
52.0
54.0
56.0
54.0
54.0
55.0
56.0
55.0
55.0
51.0
54.0
53.0
54.0
53.0
55.0
54.0
55.0
55.0
54.0
55.0
72.0
72.0
55.0
54.0
54.0
51.0
55.0
55.0
55.0
55.0
54.0
55.0
54.0
54.0
55.0
71.0
55.0
54.0
54.0
55.0
50.0
49.0
54.0
54.0
61.0
53.0
54.0
56.0
56.0
54.0
55.0
54.0
53.0
53.0
53.0
52.0
57.0
54.0
50.0
49.0
55.0
53.0
53.0
54.0
54.0
71.0
55.0
55.0
55.0
54.0
54.0
55.0
53.0
55.0
55.0
53.0
55.0
55.0
54.0
54.0
55.0
54.0
54.0
63.0
63.0
55.0
57.0
55.0
55.0
50.0
54.0
62.0
72.0
55.0
55.0
55.0
54.0
50.0
51.0
54.0
56.0
55.0
54.0
54.0
53.0
55.0
54.0
55.0
55.0
56.0
55.0
56.0
59.0
56.0
51.0
51.0
54.0
55.0
54.0
53.0
53.0
54.0
50.0
56.0
55.0
55.0
54.0
55.0
50.0
54.0
54.0
55.0
52.0
54.0
54.0
53.0
54.0
55.0
51.0
54.0
54.0
57.0
55.0
53.0
54.0
55.0
53.0
55.0
53.0
53.0
56.0
56.0
56.0
54.0
52.0
54.0
54.0
56.0
71.0
56.0
56.0
72.0
72.0
67.0
49.0
55.0
53.0
53.0
56.0
57.0
56.0
72.0
56.0
55.0
54.0
56.0
53.0
55.0
54.0
55.0
55.0
55.0
54.0
54.0
54.0
55.0
55.0
55.0
55.0
53.0
55.0
53.0
54.0
55.0
55.0
71.0
58.0
51.0
52.0
54.0
55.0
53.0
55.0
54.0
54.0
50.0
51.0
56.0
56.0
53.0
61.0
64.0
54.0
54.0
53.0
54.0
55.0
54.0
56.0
50.0
50.0
50.0
53.0
54.0
55.0
51.0
55.0
60.0
53.0
51.0
49.0
54.0
54.0
54.0
52.0
54.0
53.0
51.0
49.0
55.0
54.0
55.0
54.0
54.0
53.0
54.0
53.0
56.0
55.0
51.0
49.0
51.0
53.0
55.0
53.0
54.0
55.0
54.0
54.0
55.0
54.0
53.0
54.0
70.0
69.0
53.0
54.0
54.0
56.0
56.0
61.0
56.0
64.0
55.0
55.0
55.0
54.0
55.0
54.0
54.0
54.0
55.0
55.0
54.0
55.0
52.0
53.0
53.0
53.0
52.0
54.0
54.0
54.0
54.0
56.0
70.0
65.0
69.0
54.0
54.0
53.0
53.0
54.0
55.0
54.0
51.0
49.0
55.0
53.0
54.0
53.0
55.0
71.0
55.0
55.0
71.0
73.0
54.0
55.0
55.0
57.0
55.0
53.0
63.0
56.0
54.0
51.0
53.0
55.0
55.0
54.0
54.0
54.0
55.0
53.0
54.0
53.0
57.0
53.0
55.0
56.0
53.0
54.0
53.0
55.0
53.0
55.0
56.0
53.0
54.0
55.0
72.0
54.0
50.0
55.0
55.0
55.0
54.0
53.0
53.0
51.0
56.0
56.0
54.0
54.0
53.0
53.0
54.0
56.0
55.0
54.0
55.0
56.0
52.0
54.0
55.0
57.0
51.0
54.0
55.0
55.0
55.0
55.0
55.0
68.0
55.0
56.0
54.0
54.0
49.0
51.0
53.0
61.0
53.0
69.0
56.0
54.0
54.0
55.0
51.0
53.0
55.0
54.0
54.0
54.0
55.0
72.0
60.0
55.0
55.0
71.0
54.0
72.0
52.0
54.0
55.0
55.0
56.0
54.0
55.0
53.0
54.0
53.0
53.0
55.0
54.0
54.0
55.0
54.0
56.0
50.0
53.0
55.0
55.0
55.0
54.0
56.0
56.0
54.0
54.0
55.0
54.0
53.0
54.0
55.0
55.0
57.0
53.0
54.0
55.0
53.0
55.0
55.0
67.0
63.0
55.0
55.0
53.0
55.0
55.0
54.0
53.0
54.0
55.0
72.0
